"p_val" "avg_log2FC" "pct.1" "pct.2" "p_val_adj"
"Kdr" 0 15.3033788583349 0.619 0 0
"Klk1b27" 0 14.6324483525598 0.401 0 0
"Cd24a" 0 14.6260225298877 0.412 0 0
"Cdk1" 0 14.542815674805 0.237 0 0
"Gfod2" 0 14.3255706124689 0.167 0 0
"Ctnnd2" 0 14.2755794523414 0.289 0 0
"Bcl11a" 0 14.034096084844 0.223 0 0
"Cdkn1c" 0 14.0207520190933 0.212 0 0
"Cav1" 0 14.0062558832233 0.45 0 0
"Tuba1c" 0 13.965193188248 0.166 0 0
"Aspm" 0 13.9582375116411 0.197 0 0
"F13a1" 0 13.9476801822497 0.184 0 0
"Marcksl1" 0 13.8174423047722 0.236 0 0
"Rrm1" 0 13.7431538347461 0.236 0 0
"Pbld1" 0 13.7287752070446 0.201 0 0
"Bcl2" 0 13.6557299729074 0.235 0 0
"Ifit1" 0 13.4682816866363 0.169 0 0
"Asph" 0 13.4462980917646 0.178 0 0
"Hjurp" 0 13.4434210962552 0.294 0 0
"Cd4" 3.08290226141513e-306 13.3674765029628 0.145 0 2.21044092143465e-303
"Gm42047" 0 13.3262895538694 0.16 0 0
"Pdzk1ip1" 1.04513208599652e-249 13.234357853814 0.119 0 7.49359705659508e-247
"Cmpk2" 0 13.2326777095392 0.151 0 0
"Ccl22" 9.79864647132358e-279 13.228389518467 0.132 0 7.025629519939e-276
"Ltf" 3.28809722455987e-264 13.1464238899379 0.125 0 2.35756571000943e-261
"Ezh2" 0 13.1095402811841 0.161 0 0
"Klk8" 0 13.0977029247252 0.478 0.001 0
"Rnase12" 0 13.0764237274806 0.304 0 0
"Gata2" 3.51363441207452e-163 13.0758255680824 0.078 0 2.51927587345743e-160
"Cyp11a1" 0 13.0682606664411 0.189 0 0
"Ube2c" 2.37537504819471e-280 13.0548879336765 0.133 0 1.70314390955561e-277
"Syngr1" 2.37537504819471e-280 13.0256842835118 0.133 0 1.70314390955561e-277
"Gstt1" 3.61562305250233e-219 13.0248541051055 0.104 0 2.59240172864417e-216
"AC168977.1" 0 13.0046486065821 0.255 0 0
"Npm3" 0 13.0014413530919 0.15 0 0
"Etv5" 0 12.9870007743583 0.224 0 0
"Map2" 9.69730848989369e-181 12.9792809993532 0.086 0 6.95297018725377e-178
"Sdc3" 2.37497475050731e-174 12.9562239848031 0.083 0 1.70285689611374e-171
"Apex1" 0 12.9468267758394 0.162 0 0
"Cenpw" 0 12.8706075900286 0.188 0 0
"Cd300c" 0 12.8654995913137 0.324 0 0
"Ccnb2" 0 12.7129165927215 0.198 0 0
"Sdc1" 8.28841011446739e-122 12.7126094313958 0.058 0 5.94279005207312e-119
"Slbp" 0 12.6889318732402 0.207 0 0
"Hist1h2ae" 0 12.6514042637487 0.21 0 0
"Dctpp1" 6.17269976243714e-184 12.5749481064735 0.087 0 4.42582572966743e-181
"Serpina3f" 0 12.5701367297167 0.182 0 0
"Hist1h1a" 8.42349415842198e-229 12.5694994781318 0.109 0 6.03964531158856e-226
"Fh1" 3.28809722455987e-264 12.515439816776 0.125 0 2.35756571000943e-261
"Dcstamp" 0 12.457604792854 0.161 0 0
"H2afy" 1.37257077789346e-225 12.387950909212 0.107 0 9.84133247749609e-223
"Hist1h2bc" 0 12.3436179262923 0.147 0 0
"1700020L24Rik" 3.88902784272312e-203 12.2394621063393 0.097 0 2.78843296323248e-200
"Apol9a" 1.46049569499022e-169 12.2271005489952 0.081 0 1.04717541330799e-166
"Klrb1b" 0 12.2155559637855 0.162 0 0
"Cdh17" 0 12.2057893016926 0.189 0 0
"Stfa2l1" 2.37537504819471e-280 12.1720414459184 0.133 0 1.70314390955561e-277
"Cenpf" 2.37537504819471e-280 12.1487332190084 0.133 0 1.70314390955561e-277
"Gpnmb" 2.47630449793644e-198 12.1235214253918 0.094 0 1.77551032502043e-195
"Stfa1" 9.00098305954382e-103 12.1136084317229 0.049 0 6.45370485369292e-100
"Gm26674" 6.85039924026063e-274 12.10955702943 0.13 0 4.91173625526687e-271
"Cadm1" 0 12.0952436197771 0.176 0 0
"Sapcd1" 0 12.0916781637521 0.256 0 0
"Ckap2l" 9.69730848989369e-181 12.0648015766884 0.086 0 6.95297018725377e-178
"Fcgr1" 6.20534344030766e-200 12.0563708340867 0.095 0 4.44923124670059e-197
"Aff3" 1.60435167188703e-296 12.0153816569182 0.141 0 1.150320148743e-293
"Mcemp1" 4.03527503524357e-71 11.9186184787057 0.033 0 2.89329220026964e-68
"Rflnb" 6.66287307005493e-295 11.9132695511203 0.14 0 4.77727999122938e-292
"H2-Q6" 8.72417754702899e-179 11.8983050920263 0.086 0 6.25523530121979e-176
"Psat1" 0 11.8855339310629 0.155 0 0
"Ccl12" 1.97299089415988e-150 11.864413302894 0.071 0 1.41463447111263e-147
"Cd14" 0 11.8231971061494 0.197 0 0
"Kifc1" 8.98359327486587e-221 11.8157509756186 0.105 0 6.44123637807883e-218
"Sectm1a" 6.17269976243714e-184 11.7682295808765 0.087 0 4.42582572966743e-181
"Idh3a" 8.42349415842198e-229 11.7368976238697 0.109 0 6.03964531158856e-226
"Spc25" 3.88902784272312e-203 11.6983049363245 0.097 0 2.78843296323248e-200
"Gsr" 6.17269976243714e-184 11.5831560472561 0.087 0 4.42582572966743e-181
"Gm15879" 1.85245620790265e-115 11.5591406867794 0.055 0 1.3282111010662e-112
"Bcas1" 1.38160302591536e-161 11.4832342638824 0.077 0 9.90609369581314e-159
"Nkg7" 0 11.4628988756686 0.157 0 0
"Ncapd2" 1.16366873334912e-241 11.4247107026691 0.115 0 8.34350481811317e-239
"F7" 2.43692768725467e-131 11.4105158878545 0.062 0 1.7472771517616e-128
"Ccl24" 3.91904802697115e-187 11.2701149418774 0.089 0 2.80995743533832e-184
"Ncam1" 4.72383696986619e-240 11.2365592062782 0.114 0 3.38699110739406e-237
"Tfrc" 0 11.2003649504514 0.214 0 0
"Il7r" 1.54945276925431e-39 11.1153693639447 0.018 0 1.11095763555534e-36
"Gar1" 7.71922513129797e-149 11.0508724022791 0.071 0 5.53468441914064e-146
"C1qa" 0 11.0491906093244 0.461 0.002 0
"Svip" 2.47630449793644e-198 10.9352643157383 0.094 0 1.77551032502043e-195
"Fdps" 0 10.7914034195928 0.714 0.001 0
"Susd2" 0 10.6536177741265 0.19 0.001 0
"Kif2c" 8.44361440299252e-65 10.5862568414637 0.03 0 6.05407152694564e-62
"Klrd1" 0 10.5126163164475 0.451 0.003 0
"Prr11" 1.51953786889922e-177 10.3976898643753 0.084 0 1.08950865200074e-174
"Dusp2" 5.02284052051195e-79 10.2682516477457 0.037 0 3.60137665320707e-76
"Gadd45b" 3.6374260753548e-52 10.2528784940904 0.024 0 2.60803449602939e-49
"Lrrc14b" 4.22141777797114e-90 10.2329418820312 0.043 0 3.02675654680531e-87
"Gm47336" 0 10.2252471080961 0.414 0.002 0
"Nr4a1" 7.50780557294394e-95 9.90851667161244 0.045 0 5.3830965958008e-92
"Palld" 3.93580491043803e-195 9.86994108290084 0.093 0 2.82197212078407e-192
"Snrpf" 4.12881084203535e-121 9.77883213107988 0.059 0 2.96035737373935e-118
"Ly6c2" 1.86412122268003e-195 9.58577298045288 0.097 0 1.33657491666158e-192
"Id3" 2.84600197603766e-44 9.54110759343932 0.021 0 2.040583416819e-41
"Ddx21" 4.60577969468606e-144 9.44088891426204 0.068 0 3.30234404108991e-141
"Mmp14" 0 9.40142848490617 0.492 0.003 0
"Siglech" 0 9.26325326659111 0.505 0.007 0
"Stap1" 0 9.25486123126042 0.172 0.001 0
"Gm21762" 0 9.07403774415213 0.286 0.003 0
"Exosc8" 0 9.06639257030482 0.262 0.001 0
"Slfn4" 2.5526510608103e-25 8.99567980637982 0.011 0 1.83025081060099e-22
"Tuba4a" 0 8.97032975442533 0.946 0.021 0
"Rtp4" 3.72574649081086e-22 8.8938079758298 0.01 0 2.67136023391139e-19
"Ska1" 1.28825325682117e-151 8.74407645553456 0.073 0 9.2367758514078e-149
"S100a9" 0 8.42175245729041 0.295 0.002 0
"Kcnip4" 0 8.34412983160044 0.269 0.004 0
"Smc4" 0 8.00687974964121 0.206 0.002 0
"Camp" 0 7.89726951382907 0.351 0.003 0
"Dek" 0 7.89312579028673 0.379 0.006 0
"Myo1e" 9.34730870712685e-41 7.86103217260512 0.02 0 6.70202034300995e-38
"Rnd3" 7.76012300776257e-241 7.69433185011997 0.116 0 5.56400819656576e-238
"Ccr5" 1.44577235690927e-135 7.54926439486771 0.075 0.001 1.03661877990394e-132
"Ptcra" 7.21934912233403e-269 7.40230271981928 0.132 0.001 5.1762733207135e-266
"Traf1" 0 7.26412353265924 0.149 0 0
"Depdc1a" 9.74345168223692e-24 7.12646025143902 0.011 0 6.98605485616387e-21
"Cxcr2" 0 7.0964746377911 0.31 0.002 0
"Tnip3" 0 7.0461075351931 0.373 0.01 0
"Kif4" 0 7.03631906027938 0.549 0.014 0
"Lbp" 0 7.0354586165625 0.185 0.003 0
"Mmp12" 1.12515855810152e-183 6.93293836856849 0.116 0.004 8.06738686158789e-181
"Cbx5" 0 6.72593937992967 0.879 0.019 0
"Prss57" 0 6.64086246101888 0.2 0.006 0
"Fcrls" 0 6.56440094826686 0.193 0.001 0
"Dppa3" 0 6.34884358479714 0.43 0.014 0
"Ifi27l2a" 0 6.13965588737462 0.393 0.002 0
"Cp" 1.56948058121474e-307 6.04798600728594 0.157 0.001 1.12531757673097e-304
"Isg15" 2.71598304359016e-67 6.02709848167867 0.047 0.002 1.94735984225414e-64
"Pmepa1" 0 5.8335368300544 0.294 0.002 0
"Dhfr" 9.60524899278562e-57 5.82220670538828 0.046 0.003 6.88696352782729e-54
"Thbs1" 2.28520922134384e-273 5.75101692623299 0.16 0.004 1.63849501170353e-270
"Fcer1a" 0 5.68933443754795 0.884 0.015 0
"Gm13546" 0 5.62707901734533 0.293 0.015 0
"Elane" 0 5.61843415937938 0.172 0.001 0
"Shcbp1" 0 5.57721787136928 0.402 0.003 0
"Timm8a1" 0 5.46343545177681 0.645 0.012 0
"Cox6a2" 2.1311568031061e-269 5.41242157165647 0.157 0.004 1.52803942782708e-266
"Cacnb3" 0 5.28936721774583 0.267 0.003 0
"Lox" 0 5.26482561416427 0.407 0.007 0
"Col4a1" 9.03629523658678e-106 5.19729764979219 0.092 0.007 6.47902368463272e-103
"Dkc1" 0 5.18670611572999 0.274 0.003 0
"Pou3f1" 0 5.13517147168127 0.649 0.027 0
"Iigp1" 0 5.08071560788769 0.924 0.022 0
"Fgl2" 2.11510355412558e-237 5.0742907451298 0.134 0.003 1.51652924830804e-234
"Lipg" 9.05059727307116e-288 5.02263066388315 0.157 0.003 6.48927824479202e-285
"Serpinf1" 0 4.98831755967553 0.574 0.033 0
"Tk1" 0 4.90339726036055 0.869 0.033 0
"Rnase6" 0 4.83073954424704 0.407 0.008 0
"Ccnf" 0 4.80439263954509 0.903 0.083 0
"Apol7c" 0 4.75110808724314 0.324 0.005 0
"Fen1" 3.43028617288116e-225 4.73675463873563 0.142 0.005 2.45951518595579e-222
"Hist1h1d" 0 4.72612664890771 0.933 0.081 0
"Cd36" 7.36831325709196e-277 4.72502127316984 0.158 0.003 5.28308060533493e-274
"Cfb" 0 4.71039556202002 0.362 0.01 0
"Gria3" 0 4.70922675456092 0.924 0.035 0
"Ifi213" 1.11100746936864e-36 4.70560679303133 0.037 0.004 7.96592355537314e-34
"Pf4" 0 4.69868508939536 0.557 0.03 0
"Dut" 0 4.67809912277871 0.382 0.011 0
"Anpep" 0 4.63162081766134 0.332 0.004 0
"Gm4349" 2.9051547898464e-157 4.62514422008246 0.093 0.002 2.08299598431987e-154
"Axl" 5.53119797941487e-249 4.62138666645571 0.141 0.003 3.96586895124046e-246
"Mcm2" 6.0115867828407e-190 4.60473517190111 0.106 0.002 4.31030772329678e-187
"Cdca3" 0 4.58839683355018 0.299 0.006 0
"Esco2" 0 4.58735659724947 0.888 0.166 0
"Mgst2" 7.11452756163007e-136 4.56847325500718 0.087 0.003 5.10111626168876e-133
"Acod1" 0 4.56469694621885 0.182 0.002 0
"Slamf9" 0 4.52395481012407 0.558 0.018 0
"Pianp" 0 4.49964378521512 0.373 0.009 0
"Cd177" 0 4.4071834925739 0.54 0.013 0
"Tceal9" 7.93909141445849e-72 4.36388341093381 0.127 0.027 5.69232854416674e-69
"C330027C09Rik" 0 4.32352657542238 0.201 0.003 0
"Gbp2" 0 4.30342737059656 0.228 0.005 0
"Bub1b" 0 4.27487433365508 0.188 0.004 0
"Mcm5" 5.34535927404073e-09 4.26938877160849 0.184 0.145 3.8326225994872e-06
"Cnrip1" 2.10217841035632e-84 4.25471925389293 0.062 0.003 1.50726192022548e-81
"Prok2" 0 4.23370655928517 0.671 0.014 0
"Bcl2a1b" 0 4.19501079983601 0.773 0.044 0
"Cd69" 0 4.18802366991231 0.973 0.069 0
"Plac8" 0 4.17524747335109 0.448 0.005 0
"H2-Q10" 0 4.17114198872369 0.385 0.012 0
"Serpinb9" 0 4.15406084880545 0.466 0.009 0
"Ly6g" 0 4.12454717466277 0.198 0.003 0
"Cd34" 0 4.1130551687477 0.872 0.05 0
"Egr3" 0 4.08949231420871 0.68 0.043 0
"Orm1" 0 4.07061748772266 0.259 0.005 0
"Olfm1" 0 4.04955722052393 0.455 0.044 0
"Aurkb" 0 4.03907129813488 0.578 0.007 0
"Rgcc" 0 4.01254781903365 0.297 0.018 0
"Lmnb1" 0 4.00437712713871 0.903 0.364 0
"Cks1b" 1.47691526136825e-212 3.99626420523065 0.157 0.009 1.05894824240103e-209
"Ccl2" 0 3.97597995354507 0.88 0.142 0
"Perp" 0 3.9501910668528 0.442 0.022 0
"Gm42418" 0 3.93909269135653 0.605 0.011 0
"Atp6v0d2" 0 3.9314542133401 0.33 0.013 0
"Ifit2" 1.52981061734118e-53 3.90418515477491 0.055 0.006 1.09687421263363e-50
"S100a8" 1.11639410575217e-191 3.89028897673327 0.111 0.003 8.00454573824304e-189
"Ltb" 0 3.86029372474037 0.834 0.091 0
"Dkk2" 5.63004215371657e-198 3.84535002260389 0.161 0.011 4.03674022421478e-195
"Bzw2" 0 3.82620256087145 0.685 0.053 0
"Ccnb1" 0 3.81423827357764 0.276 0.004 0
"Csrp2" 0 3.7883109423953 0.172 0.002 0
"Lmo1" 0 3.78416545324261 0.934 0.27 0
"Slpi" 0 3.78344814348478 0.597 0.04 0
"Cenpe" 0 3.71677405431526 0.257 0.008 0
"Ngp" 0 3.70267679267005 0.973 0.17 0
"H2-M2" 0 3.67164297143129 0.239 0.004 0
"Ctsg" 7.28354929288189e-99 3.67068050251466 0.086 0.007 5.22230484299631e-96
"Tmem158" 0 3.66972949417372 0.181 0.004 0
"Cd38" 2.11666497527656e-50 3.64048365994307 0.237 0.109 1.51764878727329e-47
"Rsad2" 0 3.6287787990717 0.884 0.498 0
"Mt2" 0 3.58095273880804 0.217 0.003 0
"Pclaf" 3.94829900622185e-22 3.56828210822542 0.064 0.02 2.83093038746107e-19
"Pcp4l1" 1.88502999174082e-159 3.50447063637206 0.102 0.004 1.35156650407817e-156
"Slc7a11" 1.37365069563667e-96 3.49278889788469 0.191 0.045 9.84907548771492e-94
"Myc" 5.57665930045107e-84 3.49071441820893 0.107 0.015 3.99846471842342e-81
"Slfn9" 0 3.47507599491691 0.5 0.026 0
"Hist1h4h" 0 3.47363396709171 0.29 0.01 0
"Csf1" 4.89122466555167e-57 3.46551708794644 0.13 0.034 3.50700808520055e-54
"H1fx" 2.06386112094256e-256 3.44038344383507 0.149 0.003 1.47978842371582e-253
"Marco" 0 3.4326485842233 0.457 0.034 0
"Hist2h2ac" 0 3.40233201023933 0.243 0.011 0
"Xlr" 5.46704806127242e-48 3.3901842093207 0.034 0.002 3.91987345993232e-45
"Cox6b2" 7.23296669354859e-279 3.36383570697585 0.188 0.008 5.18603711927434e-276
"Tyms" 0 3.34039751117142 0.322 0.019 0
"Ung" 0 3.31063231198268 0.965 0.151 0
"Dmkn" 4.98972641620874e-44 3.30961819313984 0.03 0.001 3.57763384042167e-41
"Mcm3" 0 3.28775793589502 0.301 0.007 0
"Slfn5" 2.63549602194601e-241 3.28192349675037 0.225 0.02 1.88965064773529e-238
"Selenom" 0 3.26435780226205 0.98 0.223 0
"Cd209a" 4.96517897886806e-159 3.2329672911364 0.11 0.005 3.5600333278484e-156
"Kctd14" 4.17990608146365e-195 3.22185548893039 0.137 0.006 2.99699266040943e-192
"Cox4i2" 0 3.2162004337016 0.283 0.01 0
"H1f0" 4.08851889683137e-304 3.19519319200062 0.908 0.818 2.93146804902809e-301
"Gm45509" 0 3.19119541944494 0.941 0.202 0
"Prg3" 0 3.18965080755032 0.955 0.12 0
"P2ry10" 5.83516129462799e-31 3.16717133633539 0.065 0.016 4.18381064824827e-28
"Fabp5" 1.52792873078863e-241 3.13375122879039 0.263 0.03 1.09552489997545e-238
"Cdc20" 0 3.01759323380692 0.658 0.065 0
"Trem3" 0 3.00654894973407 0.482 0.037 0
"Sgo1" 0 2.98812315208098 0.973 0.166 0
"Hspd1" 0 2.95048739944816 0.935 0.23 0
"Slfn1" 0 2.93904492066872 0.338 0.011 0
"Cenpa" 0 2.92820897448173 0.95 0.329 0
"Clspn" 0 2.9122790161735 0.229 0.009 0
"Oasl2" 0 2.90081211663424 0.193 0.004 0
"Ltb4r1" 0 2.88813273491753 0.767 0.163 0
"Ybx3" 0 2.87845330089435 0.986 0.467 0
"Pcdh7" 2.37753447495615e-25 2.86844973826247 0.039 0.007 1.70469221854356e-22
"Nuf2" 0 2.8502457751609 0.968 0.321 0
"Fnbp1l" 2.28673203765392e-284 2.84005971788873 0.163 0.004 1.63958687099786e-281
"Mif" 4.73741243208561e-113 2.8398531681445 0.17 0.029 3.39672471380538e-110
"Cytip" 0 2.83500842989979 0.86 0.112 0
"Tpx2" 2.05870493995831e-284 2.83056874540056 0.237 0.018 1.47609144195011e-281
"Neil3" 0 2.82360864442074 0.903 0.247 0
"Dntt" 0 2.82284791254541 0.998 0.508 0
"Cks2" 1.79592283483913e-220 2.8209431179175 0.303 0.047 1.28767667257966e-217
"Prg2" 0 2.79589180642009 0.997 0.677 0
"Hist1h3b" 1.30050163353384e-102 2.79335330059514 0.074 0.004 9.32459671243767e-100
"Il12a" 7.24219518356134e-142 2.75707108944863 0.789 0.761 5.19265394661348e-139
"Ccl4" 0 2.74743221953749 0.965 0.497 0
"Clec4b1" 0 2.71481855201171 0.996 0.628 0
"Cebpe" 0 2.66080041245897 0.994 0.467 0
"Smc2" 0 2.65852435096884 0.994 0.632 0
"Spc24" 3.22612276192731e-122 2.64890544359924 0.096 0.006 2.31313002030188e-119
"Ifitm1" 0 2.64444292118043 0.174 0.003 0
"Erh" 4.40940095147754e-277 2.63311914999643 0.184 0.007 3.1615404822094e-274
"Clic4" 1.12719809975713e-186 2.57999531402444 0.116 0.004 8.08201037525865e-184
"Rangap1" 0 2.578881344727 0.772 0.252 0
"Spint1" 0 2.55545331698137 0.415 0.031 0
"Cdca8" 0 2.54764590941632 0.999 0.697 0
"Stfa2" 1.16098113105216e-256 2.5197009772693 0.179 0.008 8.32423470964395e-254
"Knstrn" 0 2.44959387830208 0.244 0.006 0
"3830403N18Rik" 0 2.44398078550959 0.936 0.11 0
"BC035044" 0 2.41628296459783 0.945 0.622 0
"Msr1" 0 2.41325970164998 0.96 0.734 0
"Emp1" 9.62446881028074e-139 2.36206612561751 0.111 0.007 6.90074413697129e-136
"Gm34084" 3.55050100658383e-78 2.34378938082051 0.152 0.034 2.54570922172061e-75
"Hnrnpab" 0 2.32524043021062 0.856 0.21 0
"Atp1b1" 7.54785654845884e-172 2.31459803292736 0.15 0.012 5.41181314524499e-169
"Serpine2" 0 2.28481180858368 0.853 0.457 0
"Kcnn4" 0 2.25209363134511 0.204 0.004 0
"Diaph3" 0 2.20070053278605 0.987 0.785 0
"Rrm2" 0 2.18917119435165 0.96 0.665 0
"Nek2" 4.18116677443105e-153 2.16107181623766 0.162 0.017 2.99789657726706e-150
"Socs2" 0 2.10438099307222 0.88 0.114 0
"Hmmr" 0 2.10405639267293 0.963 0.568 0
"Rnf128" 2.28551423107039e-62 2.08730143321204 0.067 0.007 1.63871370367747e-59
"Hist1h2an" 0 2.068089252573 0.998 0.779 0
"Ctsl" 4.81177860274992e-198 2.06627231814932 0.118 0.003 3.4500452581717e-195
"Tuba1b" 8.56602053082843e-170 2.06563046080514 0.138 0.009 6.14183672060398e-167
"Oasl1" 1.78333624827824e-14 2.01285577138988 0.154 0.091 1.2786520900155e-11
"Ncapg" 0 1.99743415784727 0.872 0.535 0
"Mmp13" 0 1.91249400218619 0.517 0.038 0
"H2-Eb1" 0 1.88841530522137 0.996 0.832 0
"Gm26917" 0 1.8691639693255 0.261 0.014 0
"Cd74" 3.26698814060046e-286 1.86442927375736 0.293 0.03 2.34243049681053e-283
"Olfm4" 0 1.85588026031726 0.658 0.101 0
"Cbr2" 2.018096276129e-26 1.8395932078475 0.049 0.011 1.44697502998449e-23
"Adam23" 0 1.83319650030495 0.996 0.949 0
"Pde5a" 0 1.82937109769457 0.992 0.828 0
"Lyz1" 5.50749900543936e-41 1.73542312461573 0.475 0.394 3.94887678690002e-38
"Il18bp" 0 1.731580720781 0.997 0.961 0
"Hist1h2ab" 0 1.66552761600313 0.994 0.928 0
"H2-Eb2" 0.00699639519349826 1.58702851733212 0.065 0.09 1
"2010005H15Rik" 0 1.58235634177409 0.995 0.965 0
"H2-Q7" 0 1.51970749087546 0.981 0.935 0
"Iqgap3" 2.6912727002014e-211 1.51950358609604 0.129 0.004 1.9296425260444e-208
"AW112010" 0 1.48046304681178 0.995 1 0
"Paip2b" 3.88669231608372e-07 1.4662503076299 0.969 1 0.000278675839063202
"Kif15" 0 1.45773557312134 0.973 0.842 0
"Tnf" 7.84172866563524e-259 1.41897581209765 0.914 0.883 5.62251945326047e-256
"Ifi47" 0 1.41840217219919 0.995 1 0
"Dmpk" 0 1.37562143028655 0.999 1 0
"Phf11a" 3.2135201627163e-250 1.3071574360016 0.903 0.861 2.30409395666759e-247
"Klrb1f" 0 1.26360210055231 0.997 0.981 0
"Mir155hg" 3.09177595458301e-142 1.25480297580419 0.096 0.004 2.21680335943602e-139
"Ifi205" 1.43192053985131e-39 1.23101813775315 0.103 0.029 1.02668702707339e-36
"Ly6i" 0 1.20268711965367 0.978 0.995 0
"Trim59" 0 1.19648731051475 0.99 1 0
"Pglyrp1" 2.41766125447632e-160 1.18616155094133 0.331 0.079 1.73346311945952e-157
"Dennd5b" 5.61720147217023e-239 1.16538994946835 0.946 1 4.02753345554605e-236
"Cdca2" 0 1.15998286900257 0.983 1 0
"Dbf4" 6.02613211955589e-14 1.1484669926139 0.16 0.285 4.32073672972158e-11
"Lockd" 0 1.08932529519297 0.993 0.97 0
"Apol9b" 0 1.06164721357071 0.998 0.986 0
"Fbxo5" 0 1.04564274288872 0.988 1 0
"Sox4" 0.000747188855062627 1.00918024884958 0.853 0.993 0.535734409079903
"Mad2l1" 0.0764085957995349 1.00772465031945 0.049 0.039 1
"H2-Ab1" 0 1.00569572279819 0.999 1 0
"G0s2" 0 -1.00000252742357 0.859 1 0
"Ms4a4c" 0 -1.00792069329893 0.891 1 0
"Nedd4" 0 -1.0086029636054 0.924 1 0
"Ifit3" 0 -1.0087238688795 0.899 1 0
"Id1" 0 -1.00887327151679 0.943 1 0
"Itga2b" 0 -1.01047803018866 0.906 1 0
"Fcgr4" 0 -1.01262852909882 0.961 1 0
"Mcpt8" 0 -1.01283149554321 0.785 1 0
"Tesc" 0 -1.01334087251184 0.914 1 0
"Syne1" 0 -1.0200574258889 0.845 1 0
"Cenpm" 0 -1.02325842678433 0.934 1 0
"Gm26870" 0 -1.0280884957666 0.766 1 0
"Klrk1" 0 -1.03299878658989 0.913 1 0
"E2f8" 0 -1.03569127743679 0.921 1 0
"Srgn" 0 -1.03577212417127 0.899 1 0
"Cryab" 0 -1.0406678976387 0.944 1 0
"Hist1h3d" 0 -1.04090258370879 0.914 1 0
"H2-Oa" 0 -1.05330202834334 0.878 1 0
"Atad2" 0 -1.06146936263626 0.932 1 0
"Hp" 0 -1.07045595347792 0.866 1 0
"Irf7" 0 -1.07075596771823 0.921 1 0
"Mogat2" 0 -1.0766217153087 0.906 1 0
"Ccl6" 0 -1.07776308204905 0.891 1 0
"Flt3" 0 -1.08613797330513 0.962 1 0
"Itgax" 0 -1.08725416704073 0.946 1 0
"Hgsnat" 0 -1.08965958966875 0.854 1 0
"Tmem176b" 0 -1.08994836894526 0.955 1 0
"Phgdh" 0 -1.09242627635367 0.976 1 0
"Igf2bp3" 0 -1.09636373761656 0.883 1 0
"Cnn3" 0 -1.10238803386008 0.884 1 0
"Hpgd" 0 -1.10387474431303 0.657 0.998 0
"Nfkbiz" 0 -1.11301630351987 0.907 1 0
"Hsp90aa1" 0 -1.11309915625384 0.889 1 0
"Anxa1" 0 -1.11586350632401 0.951 1 0
"Shmt2" 0 -1.11657928768065 0.958 1 0
"Adam8" 0 -1.11663714418423 0.934 1 0
"Rpa2" 0 -1.11962895556519 0.87 1 0
"Myb" 0 -1.12191217372203 0.979 1 0
"Socs3" 0 -1.12506175768929 0.951 1 0
"Emp2" 0 -1.12550611031313 0.85 1 0
"Cxcl10" 0 -1.12675037751005 0.91 1 0
"Ccl5" 0 -1.13063605294031 0.922 1 0
"Ube2s" 0 -1.13072393381357 0.841 1 0
"C1galt1c1" 0 -1.13126000624413 0.867 1 0
"Hells" 0 -1.13448960131693 0.908 1 0
"Odc1" 0 -1.14670953390782 0.853 1 0
"Clec4e" 0 -1.14815390052563 0.914 1 0
"Ednrb" 0 -1.14925056095826 0.954 1 0
"Uhrf1" 0 -1.15127820677078 0.935 1 0
"Srsf7" 0 -1.15323284207256 0.91 1 0
"Ier3" 0 -1.16714667960421 0.856 1 0
"Ppa1" 0 -1.16992440280142 0.945 1 0
"Dusp5" 0 -1.17269499387821 0.967 1 0
"Dtl" 0 -1.17457066656171 0.935 1 0
"Olig2" 0 -1.17628940953702 0.837 1 0
"Nptx1" 0 -1.17694580972111 0.887 1 0
"Nt5dc2" 0 -1.18112465125172 0.851 1 0
"C1qbp" 0 -1.18599370460972 0.869 1 0
"Fkbp4" 0 -1.19294427439803 0.903 1 0
"Pcna" 0 -1.19931660694707 0.818 1 0
"Tespa1" 0 -1.20074576530731 0.929 1 0
"Clec9a" 0 -1.2012242264979 0.768 1 0
"Lsm2" 0 -1.20131253342525 0.904 1 0
"Dtymk" 0 -1.20397739095519 0.871 1 0
"Alyref" 0 -1.20565220636439 0.859 1 0
"Kitl" 0 -1.20617820999835 0.942 1 0
"Gmnn" 0 -1.20788196749513 0.867 1 0
"Mrgpra2b" 0 -1.20991460918129 0.964 1 0
"Asprv1" 0 -1.21461442227638 0.931 1 0
"Nrxn2" 0 -1.21705358506612 0.894 1 0
"Rad51" 2.1473803111718e-12 -1.21712978619987 0.027 0.007 1.53967168311018e-09
"Aldh1a3" 0 -1.21715134592343 0.92 1 0
"Plbd1" 0 -1.22054095225251 0.871 1 0
"Rasgef1b" 0 -1.22416846240671 0.872 1 0
"Hmga2" 0 -1.22770508197267 0.868 1 0
"Cd9" 0 -1.22871151815944 0.87 1 0
"AA467197" 0 -1.23372780277855 0.883 1 0
"Tipin" 0 -1.23671330793111 0.853 1 0
"Ms4a2" 0 -1.24013968971029 0.83 1 0
"Fpr2" 0 -1.24313502270893 0.82 1 0
"Acp5" 0 -1.24480342070339 0.939 1 0
"Cst7" 0 -1.24505767115467 0.853 1 0
"Bub1" 0 -1.24531797533995 0.899 1 0
"Cep55" 0 -1.24586008060867 0.775 1 0
"Hmgb2" 0 -1.24629578840461 0.9 1 0
"Dhrs9" 0 -1.24782983061901 0.875 1 0
"Bcl2a1d" 0 -1.2491632827064 0.828 1 0
"Tmpo" 0 -1.25369998740444 0.684 0.998 0
"Prim1" 0 -1.25857879950556 0.838 1 0
"Mcm7" 0 -1.2591625727971 0.889 1 0
"Lars2" 0 -1.26608640254374 0.892 1 0
"Ldhb" 0 -1.26649945588364 0.843 1 0
"Fcnb" 0 -1.27107475026163 0.871 1 0
"Il1r2" 0 -1.27140464749491 0.767 1 0
"Mcm6" 0 -1.27287213951395 0.902 1 0
"Pbk" 0 -1.27643872359604 0.85 1 0
"Itgb7" 0 -1.28060698452612 0.907 1 0
"Pmp22" 0 -1.28400416257756 0.925 1 0
"Birc5" 0 -1.28406233581214 0.87 1 0
"Mns1" 0 -1.28640919771916 0.876 1 0
"Nectin3" 0 -1.28958155942098 0.871 1 0
"Mgl2" 0 -1.29392911979058 0.869 1 0
"Mmp9" 0 -1.29573370763976 0.866 1 0
"Mx1" 0 -1.29864808237985 0.845 1 0
"Ptprn" 0 -1.30774366740683 0.815 1 0
"Hoxa7" 0 -1.30988342199696 0.875 1 0
"Fpr1" 0 -1.31453703183029 0.853 1 0
"H2-DMb2" 0 -1.31487505457422 0.807 1 0
"Wfdc21" 0 -1.31823807066794 0.766 1 0
"Nop58" 0 -1.31843948459327 0.843 1 0
"Ass1" 0 -1.32070477595961 0.877 1 0
"Hist1h1b" 0 -1.3218332684582 0.828 1 0
"Ccr2" 0 -1.32766178641701 0.816 1 0
"G2e3" 0 -1.32828140342287 0.869 1 0
"Tuba1a" 0 -1.33148859426946 0.819 1 0
"Serpinb6b" 0 -1.33378368515127 0.752 0.996 0
"Cdk6" 0 -1.33467908604726 0.844 1 0
"BC100530" 0 -1.34342100174744 0.726 1 0
"Enah" 0 -1.35475196527757 0.79 1 0
"Rfc4" 0 -1.36834870803603 0.859 1 0
"Sdc4" 0 -1.38473455896293 0.889 1 0
"Psip1" 0 -1.38805341548046 0.858 1 0
"Basp1" 0 -1.39896741854195 0.822 1 0
"Bcl2a1a" 0 -1.40072602090071 0.753 1 0
"Pacsin1" 0 -1.40541714596791 0.851 1 0
"Il1rn" 0 -1.42059339976255 0.87 1 0
"Gcat" 0 -1.4268640010562 0.795 1 0
"Hist1h1c" 0 -1.42710945205999 0.784 1 0
"Spn" 0 -1.43031585828989 0.809 1 0
"Jaml" 0 -1.44777074960833 0.782 1 0
"Ctla2a" 0 -1.45487124932079 0.77 1 0
"Slco3a1" 0 -1.45904902598387 0.771 1 0
"Hs3st1" 0 -1.46049887585457 0.786 1 0
"Hist2h2bb" 0 -1.47498664764289 0.769 1 0
"Ly6k" 0 -1.48110290873049 0.821 1 0
"Runx2" 0 -1.48493197828106 0.79 1 0
"H2afx" 0 -1.49946588722403 0.548 1 0
"Bex6" 0 -1.50877545274935 0.756 1 0
"Ly6d" 0 -1.51199496096767 0.79 1 0
"Pomk" 0 -1.52519027434856 0.784 1 0
"Ifi209" 0 -1.54616740113824 0.758 1 0
"Glrx" 0 -1.55525757015044 0.744 1 0
"Top2a" 0 -1.61824172193533 0.743 1 0
"Mfge8" 0 -1.62878888014571 0.763 1 0
"Vcam1" 0 -1.63265891957286 0.748 1 0
"Klf4" 0 -1.68667383150438 0.701 1 0
"Olfr889" 0 -1.71415259703344 0.727 1 0
"Incenp" 0 -1.74966242531281 0.707 1 0
"Mafb" 0 -1.75101034782777 0.725 1 0
"Hist1h1e" 0 -1.79578471042573 0.613 1 0
"Ramp1" 0 -1.82110986798277 0.716 1 0
"Racgap1" 0 -1.88927973619137 0.394 0.998 0
"Nop56" 0 -2.4335621415418 0.531 1 0
"Cenph" 0 -2.62441779190088 0.46 0.987 0
"Plk2" 0 -3.02900330448428 0.443 0.998 0
"Dnajc9" 0 -3.04985299176961 0.417 0.995 0
